0.0335338973187541 
0.4797585482592452 
0.21455500484627066 
-0.4995643459344276 
0.10582723342241007 
0.9713555388710906 
0.7793221079997943 
0.015876734229518037 
-1.110745135022487 
0.008254211103912494 
-0.32148889936614766 
-0.17940952197098572 
-0.03826005529450399 
0.37494265891562517 
-1.0879964652211693 
1.1892297448610594 
-0.04455993807379856 
1.0217041832208826 
-0.9973219250260732 
-0.5061259294250713 
0.7675840855819718 
0.025703665740278738 
-0.4602914706008532 
0.462321386844984 
1.0259475095019064 
0.0347906038558177 
0.38369022858508345 
-0.07835554587362738 
-0.6602257438604027 
0.1291164602887972 
-1.1252049715404875 
-0.08773055462952907 
0.5366076032525449 
0.5195058385516268 
-0.23486843338443236 
0.7045293906129599 
-0.9409400709460464 
-0.17544985324269852 
-0.27628677389470085 
0.7826073941316407 
0.03655182899900209 
0.769311751273723 
-0.5336289265998856 
-0.33866156434809036 
0.43679894505693045 
0.5440778041186538 
-0.03882426445828726 
0.05447629879006648 
-0.22301776046872823 
0.0780412777238078 
-0.47617512782958055 
0.054059754587738054 
-0.3415049548477393 
0.517697794419288 
0.3975563965767707 
1.309210473676361 
-0.2159459549007255 
0.060554458728286714 
0.22562572828526223 
-0.7132332343385893 
-0.8006770263456339 
0.4390553299713889 
-0.7222881661490471 
-0.15393577823449456 
0.22475097630794919 
-0.07864484106598371 
-0.11262485474048962 
0.2700122486174831 
-0.7740191513169753 
0.026952225337779502 
0.236281466212692 
0.09626778422028616 
-0.3197762024994425 
0.2889709214074001 
-0.06957545712524417 
-0.524170457011611 
0.460403834937747 
0.43902308734949347 
-0.42862802384997045 
-0.1124214202942623 
-0.17892009948914128 
-0.028858441752819652 
-0.3992580696100934 
0.2538135184106283 
0.23506410064181993 
0.49911310871017694 
0.3285979524566759 
0.13979840061879922 
0.38248233521923775 
-0.17563360409481105 
0.3162269528483156 
0.5134675132157756 
0.6697243260237915 
-0.6927684448680449 
1.2832825602492872 
-0.13579723306235653 
0.01188664974346345 
0.36448878613920593 
0.28399207173359486 
0.02207383517150916 
0.22385893901076648 
0.00555410219205104 
0.1754046677668404 
-0.9905474377090178 
0.02894105575017008 
0.0006869914817704825 
-0.7380410331518881 
-0.203072024981879 
-0.22663237367639785 
0.24373643779853024 
0.41444691266036565 
-0.20597383853806855 
-0.7493001422073025 
0.2841307783610115 
1.162269792984435 
0.06272151739009786 
-0.23265447115337085 
-0.0949862436503082 
0.19876910286900754 
-1.201743704488983 
0.19848462740142445 
1.1131513680164635 
-0.01274215891484875 
0.32951497024674065 
0.4437658180313702 
-0.37557491748281796 
-0.5460827347532458 
0.17498418295315482 
-0.7378413338152285 
-0.4641825781985289 
-0.22369611982699306 
-0.9477099368480226 
-0.021432318966182168 
-0.11882953973262333 
-0.3695246837044581 
0.8226183241828503 
0.4148096983707661 
-0.8643684503944289 
-0.1955086050817187 
-0.5989908230755421 
0.7259274514030873 
0.8927149342230679 
1.364922855429079 
0.2543688694750567 
-0.3254102289735748 
0.18312492433262015 
-0.16137787991775748 
-1.8050482507149024 
0.275699482581846 
-0.7152568879916279 
-0.9557026733920959 
0.03283088781971062 
-0.17711916998755226 
0.3599163540660098 
0.7103463078622304 
0.40537604936403754 
0.32778177130954195 
0.45552839763719055 
0.1498593495243467 
-0.001966979294475861 
1.4227104974648965 
-0.5418254281048924 
0.4425777604562431 
-0.8597167605753762 
-0.3271387992031036 
0.4953345835802203 
0.5356467793466215 
-0.22827199316514185 
0.5419034692728121 
0.6252403968137032 
0.10469247877924047 
-0.16006648973548201 
-0.5886205225268865 
-0.32943312428641214 
0.011153816246083702 
0.37576938295814 
0.32591333539029194 
-0.22013644968370188 
-0.40613460944429297 
-0.8603039785975871 
0.026052538467161355 
0.6532796863891913 
-0.24838541440335452 
0.0017967338265048038 
1.5262263028220429 
-0.5056779235343187 
-0.10164443842677348 
-0.8398349539485164 
0.32857388256169934 
0.017635505194849042 
-0.5108994963972917 
0.802247328179251 
0.09025045519483366 
0.2179918531698684 
-0.4789291368431823 
-0.01459124103698408 
-0.015529080330619758 
0.3767943805524789 
-0.22305109676077264 
-0.6463871843007665 
-2.1482617175441576 
-0.41038062765019745 
-0.016574861456184087 
0.3235537938585321 
1.262951582145061 
-0.34611680215405244 
0.07412266716115558 
0.06052548344909821 
-0.01722057196216394 
-0.04404678612361019 
0.4345977770552339 
-0.07020338212938076 
-0.17528619917408125 
0.7401896926931829 
-0.608254834386632 
0.024585699944002497 
-0.1119877070763701 
0.5733289980186471 
0.1583891270320094 
0.12254734238830393 
0.31281228789322857 
0.008978907375889402 
0.8397667945082241 
-0.05719263379778992 
-0.706840643106877 
0.2545255180005903 
-0.3534218783786332 
0.4080038456511764 
-0.044181945015482615 
-0.235204304645714 
-0.21737665677783213 
-0.4109513664281263 
-0.7505505575819793 
-0.6880420665532753 
0.1848160368010933 
-0.35620738586289263 
-0.11215232814494827 
-0.22699945757585127 
0.2693852390139053 
0.3782837611707876 
0.6043538723290672 
0.21031784569326092 
-0.6652004382369167 
0.875752822535799 
1.7175265472768433 
0.6445616424130464 
1.0847142517285742 
-0.0875862087548839 
0.007578938503451149 
-0.6207429318982629 
0.557461821505594 
0.18636947645717528 
0.18874875328889262 
-0.05085887855179654 
0.08981555627519643 
-0.5397823779347408 
-0.17183050599018998 
-0.2114215411656256 
0.6348022165842235 
-0.1703585131354881 
-0.5622704206051948 
-0.6056621619083722 
-0.4394570415443355 
0.689343888393898 
-0.35278549545294396 
0.48987177923710334 
-0.44308847960546033 
-0.3172068776759254 
0.35483393348055337 
-0.654439674809648 
0.6959997949399658 
-0.07122349562600461 
0.3975355410554654 
0.2844678219662913 
-0.30066401378467783 
0.7225347728396149 
-0.49314596362442786 
0.12642324213575967 
0.5113496994107171 
-0.6771736843567564 
0.14282318682839718 
0.8211080937325665 
-0.19004881987406694 
-0.4950129778249373 
-0.3933703283792902 
-0.7199639640919461 
-0.39922165911074925 
0.6396545521171443 
-0.12156824146961188 
0.16368048331484228 
-0.4535114162960423 
0.13057718849910738 
0.1822887034251142 
-0.9242864501504678 
-0.6447376858114495 
0.15471675153386272 
0.32425294588706666 
0.14256982680830804 
-0.3323915496526506 
-0.6386886373510409 
-1.0207712093336907 
-0.2722784933686224 
0.671513889098826 
0.4289949918824869 
-0.06622132007064645 
0.5698558559683075 
-0.4426061832839011 
0.2010417654005759 
-1.2754215954540373 
0.1767896111190279 
-0.4199129042519614 
-0.14770264884742684 
0.19245218953900325 
0.02703736106570953 
-0.12191201270382668 
-0.31477533396773355 
0.0378438995290091 
-0.07433091450914076 
-0.5175807887164432 
-0.6318624335928948 
0.44667190010688684 
-0.015836866147481317 
-0.7332218547880178 
0.35369335962496756 
-0.6791393039997784 
-0.8940343649282548 
-0.33772013949575463 
-0.4306330276429964 
0.5154454448423964 
-0.17985054048790014 
-0.5137146283908444 
1.1414906572031487 
-0.5687211761244462 
0.16716167949422492 
-0.6324689509700256 
0.04328597804547389 
-0.5717069952313891 
0.22511907581255067 
0.17644574459256598 
0.30217710297048905 
1.362536049005926 
-0.5120668215738986 
0.013646087081361852 
-1.086694502046306 
0.43941857055659184 
0.7024303555341561 
0.18212983581294873 
-0.2382742756705422 
-0.5654126208900074 
-0.3382753432451463 
0.5878879557424015 
-1.214586174339699 
0.48881694498163664 
-0.2555265830343724 
0.13760081260040113 
0.57592075136721 
0.6881396486776964 
-1.3800108619070128 
0.2029561049455617 
0.21055642899964247 
0.31766636101961393 
-0.7129028626004621 
0.007338995454277443 
0.19558277863720352 
0.32273295840480665 
1.45299407931802 
0.6797484047460974 
0.10008243480459131 
0.4985165953594281 
-0.4101164250753211 
-0.3102090342961105 
-0.14518320686903996 
0.3061701264851378 
0.4167693784674279 
0.4032823937650304 
1.0073626480210371 
-0.535717680076186 
0.5697754041731153 
-0.6317712725089142 
0.14460515546253974 
0.11436019290971146 
0.8499864885396543 
0.26119180397244224 
0.15221985407851527 
-0.021161577181761988 
-0.11185012570492307 
-0.5370383136014775 
1.110694286418996 
-0.24067557293231237 
0.22876556871300752 
0.3046216159143948 
0.5164775054703246 
-0.0130743809999487 
0.3537217936809482 
-0.7927855050152507 
-0.29971740808272646 
0.977974503667614 
-0.9125405561527852 
0.19211550591254373 
-0.8947748247327987 
0.005407120961410106 
0.2309346937814724 
0.3978937671565693 
1.133076413604471 
-0.11377471813176777 
-0.3552254560254325 
0.3167048087156721 
0.11368915265449936 
-0.4870616570984593 
0.06386714070356708 
0.11391964889900724 
0.10695778031177695 
0.35610230327407627 
-0.09386307357463702 
-0.19099698348012314 
0.08960888252874574 
0.46686622626331387 
0.9121067681079609 
-0.22392952552939174 
-0.20894622219008982 
-0.2071780971691789 
-0.25134001079979634 
-0.2693911593448502 
-1.699675416469625 
0.12259626898122616 
0.11352056130352836 
-0.21860354264518486 
-0.13577893489239232 
0.5644850320034261 
0.6966344529386758 
0.15193746321350463 
0.5087928538084425 
0.5351514702791333 
-0.4305981211031683 
0.3452137581816784 
0.3467393806249607 
0.40486046783981156 
-0.013348327966139162 
1.5903342315666478 
0.20052420022397718 
1.2547284615651937 
-0.08142924682804434 
0.23256568562613344 
-0.3628240788750714 
0.8080224699361858 
1.0328399270212958 
-0.1339659949736371 
0.5422867163081964 
-0.0030512738080366864 
0.47939458261536205 
0.7225554110030927 
-0.2827356544383901 
0.17493062253232503 
0.4350861808029649 
0.060313983201987775 
0.7239593733826106 
0.0906382753377101 
0.4624749872476815 
-0.13721386355038442 
-0.552460499217825 
0.08191001966593675 
0.038472229832602824 
0.8399864676803455 
0.6081291145657277 
0.25962834005287355 
-0.16176169732116735 
0.37843858034064887 
0.02142730469434627 
0.46120484820568697 
0.27615650455499063 
-0.030581678934208063 
0.2697481096318314 
0.5068172718295004 
-0.098753696340196 
0.5445577797993251 
-0.4522974452112434 
0.05044832808171679 
-0.480111271453527 
0.5262128075354255 
0.19404560830751189 
-0.8281341923244161 
0.1027024899020853 
0.03090772279868559 
0.27063973989185436 
0.41520472325006663 
-0.5089673810671755 
-0.13454690468465497 
0.22521165158643716 
-0.06287187233539938 
-0.40074515667880917 
-0.00015985812778877492 
0.7772140731013999 
0.3936518900969041 
0.0604263517800553 
-0.41471775003500655 
0.11454606327473384 
0.19564696906895435 
-0.1382309671511364 
-0.5782938002780275 
-0.5417175275639932 
0.1513241217738075 
0.49438890666293056 
-0.22893627904657943 
-0.16658317862767952 
-0.8769039162971276 
0.15549569000124497 
0.9256007540239077 
-0.33531894229212283 
-0.18497087235005422 
-0.7696981554133538 
0.516686179369177 
-1.0139595355091793 
-0.42743352004159196 
0.09064334246684616 
0.3587460497130311 
-0.5009854534910222 
-0.25760969880117174 
-0.5174550911672873 
-0.15064459506343766 
0.7216105912707497 
-0.188935374045806 
-0.8919877337796506 
0.41919284359374925 
0.3093237710705309 
0.7145121012761502 
-0.10914470182925215 
1.163020141834281 
-0.5353337817912357 
0.018285836876611526 
0.15565132983059798 
0.521178942561246 
-0.07382841214945171 
-0.01755224981538466 
0.13129622143557662 
0.39728008341366894 
-1.2378616779886324 
0.11093919567667004 
-0.08583480192295301 
-0.3541522119741223 
0.6724427928312897 
-0.2738578336089194 
-0.37605909981884034 
-0.14211423468118958 
1.3045812720344505 
0.1509239345450442 
0.21453539466883553 
0.02785386227515177 
-0.322462535530162 
-0.27359846493166345 
0.28521950938199025 
0.10485951735018902 
0.0003502579791660309 
0.6782838703068852 
-0.5779400091701632 
-0.0070239685718671875 
1.086669281856391 
0.021033191705798898 
-0.19007932227184746 
0.3505643093765768 
0.15998260807136594 
-0.553643104735616 
-0.2557371183669212 
-0.4678778122802022 
-0.16360966318946257 
-0.5440232970225531 
-0.5086240991345806 
-0.09116835797097754 
0.14190172040212773 
-0.505260146334358 
0.14168263626822686 
0.260176859973412 
0.8166983983669133 
0.7314340092193381 
-0.5783001808231127 
0.06575964096786716 
-0.01493855139581901 
0.269198662984745 
0.45466296604687423 
-0.17138119396102097 
0.013599813450935814 
0.04579215465307801 
0.1149967786594712 
0.6726124050032977 
0.575112868751552 
0.12658798788815148 
-0.020129478718796057 
0.8265726442090603 
0.14712691019712817 
-0.4178972695946252 
-0.40930696713460485 
0.23753161741573345 
0.5877031356227568 
-0.020919377562854682 
-0.03531775243986352 
-0.883187781990958 
-1.327705266718035 
0.0015164180031594227 
0.28048388732520413 
-0.2384268765519616 
0.1790569435844071 
-0.2064935967310086 
0.20997371539459717 
0.7448983821040034 
-0.3512188782160968 
-0.5426606893076938 
-0.5809552309513405 
0.6123742325225767 
-0.39439730459143096 
0.403170667179519 
-0.45774482670687994 
0.0023624841316461226 
-0.2718284772320803 
-0.2951633619733812 
-0.3714131420800598 
0.6695138940984926 
-0.3002230942982053 
0.3381390092033919 
-0.16645959761723841 
-0.1439115118356548 
0.517398050388517 
-1.06628292214201 
-0.02238281472575951 
-0.7119271593261337 
0.2214183236678058 
0.7755875792460323 
-0.657702269792562 
-0.05057911911923872 
-0.33895229798631976 
0.9218008756682099 
0.04674048351269108 
0.37178117382816156 
-0.3223226116569097 
0.2002152530577006 
0.6865590052505544 
0.07795880303221003 
0.023777627095842288 
-0.23557693509499805 
0.5792982497424302 
-0.2086274295415465 
0.384143781488724 
-0.7551214991121338 
0.03357344374076262 
0.19869634087595056 
-1.0579514232533407 
0.532213913811545 
0.465915141878981 
-0.23448885248149304 
0.48998714822767725 
0.10720814557114924 
0.3783013399545842 
0.7817366600421147 
0.27671582207510964 
0.17543196973916986 
0.3045273817483598 
-1.0505248245538188 
-0.7353853973069814 
-0.13994995064717158 
1.0243502595161564 
0.03447788294667886 
-0.7446223755497676 
0.3419585786303586 
0.3383083762201189 
0.6843852881321334 
-0.02841353354921993 
0.526841068909 
-0.8949500310839003 
0.09477384737482877 
-1.635123036488155 
0.13322210707151302 
0.31495392697649544 
-0.5843462835469384 
0.37878014231097185 
-0.31871707558504914 
0.7621742915574832 
1.0398292482504032 
0.4473458821731669 
0.46686294103759984 
0.3226524947724984 
-0.44379848091490964 
-0.14915538285964447 
-0.5745271015760117 
-0.07981702737866431 
-0.19695470171539442 
0.694702937857876 
-0.039544444028969755 
-0.5242499140142738 
-0.057128845530439495 
2.218526516883093 
0.08271378394783335 
0.4638461009765644 
-0.025018523332263176 
-0.3687189506725972 
-0.7942780987891535 
-0.2013726561822098 
0.28736295176277743 
0.8424542027224705 
0.7572253276268641 
-0.12604512768456994 
-0.1331857935970571 
0.5579159636344986 
-0.025088414108701818 
0.7218263020064576 
-0.23326206706934435 
-0.19392968818430045 
-0.154822935113854 
-0.4014237899405672 
-0.047674854948239774 
-0.3021190327116109 
0.5917730410709314 
-0.15838753109912515 
0.10667117624763375 
-0.7763853312234936 
-0.40148473068684026 
0.5114746862251236 
0.7866791614969243 
0.19242026535717371 
-0.13778529804630696 
-1.1644417497068544 
0.059280263763611285 
0.3803375320551837 
-0.2452856773694597 
0.2773012373122566 
0.14142474345821493 
0.45034626693992624 
0.09075443641625366 
0.8836385965425824 
0.3866451042338834 
-0.13920192915043028 
0.22560030808716527 
-0.07569532892948569 
-1.0156205567524048 
-0.48771579195685955 
-0.3427896802761783 
0.5285763106224292 
-0.5710020300394026 
0.2832969848343931 
0.18734909194597743 
-0.5830109529715845 
-0.7255999806198153 
0.6838101358311185 
-0.7300520151844662 
0.5087620175057411 
0.6058490337124885 
0.6944829689873567 
-0.5275295437824338 
-0.33493940869695815 
0.24067308061731915 
0.1424612808740184 
0.14740480143715015 
0.36216072489607504 
0.611103979039743 
0.11472118307660695 
0.038834530642245714 
0.9046234361149185 
-0.5379173594788815 
-0.26815606782938 
0.5018623076181389 
0.09285023610345818 
0.17381320938878936 
-0.11960579971228913 
0.0397204475525781 
0.09646169711790842 
-0.813782616916477 
0.5077260107924068 
-0.9295460434111333 
0.08151052131062246 
0.782955921533949 
0.07189483018995044 
0.2331703434223715 
-0.16523622145478264 
-0.7481064109720866 
0.2807272908015448 
-0.3231859428412516 
-1.2545897436621083 
0.00484021346423337 
0.19651382037980822 
-0.07555302176803344 
0.11253812796865378 
0.11738284982297038 
0.07024001134015309 
-1.428984861200657 
-0.6848852677540911 
0.34955873539362015 
-0.17018995516451674 
0.5960385804196507 
-0.2747838458346539 
-0.8274570146800264 
0.15359049342192233 
0.26548646882858973 
-1.1784995872145194 
-0.28118732066411745 
0.250101958507822 
0.09206244782999207 
0.2057277660336781 
0.39548618234359584 
0.25976771168702545 
0.4520449340809549 
0.4326884120635829 
0.10734723358325177 
-0.08875362374464049 
0.2022627874305348 
-0.19415028748010255 
-0.3154050199790644 
0.4299431529599806 
0.11112524186737305 
-0.11485845341660425 
0.5789522762763293 
0.5637071964574979 
-0.08613113802133197 
0.15416644298799595 
-0.11321778809054815 
-1.143587366497636 
0.21892182968523247 
0.9185642017525781 
0.3149699963782491 
-0.26186827750467406 
-0.5009721654439958 
0.9630021053245812 
-0.1261006750982708 
-0.6003501124646423 
-0.6930627430827738 
-0.0491734084329319 
0.9210877949002352 
0.33818552369304183 
-0.13156874610955907 
-1.03911852277387 
-0.6138262604402885 
-0.5882971123819505 
0.3139609797279301 
0.4076817213743935 
-0.2961339243872017 
-0.24378364533120503 
0.4155042547823043 
-1.7918819238779244 
0.3320099285109046 
-0.3143376987162765 
0.6356840340781977 
-0.7680490560395018 
-1.148409056412387 
-0.1608669946481049 
-0.34844653342322857 
-0.023484299798151836 
0.015399196206745626 
0.18161000391721638 
1.0000632164963759 
0.7428145698948844 
0.27016832327746393 
-0.0068807657895333454 
-1.3008332808970482 
1.0997543792896256 
0.5262336423318006 
-0.42800370206435473 
-0.34793293064844294 
-0.18838395531255847 
1.2233051871312248 
0.3099019435857963 
0.5132809993925247 
-0.20919292967661604 
-0.5025932424358449 
1.4188020283258882 
0.7783827541616746 
-0.560093052231958 
0.3362045707356315 
-0.37136993700217324 
-0.26639885852554795 
-0.5831325824377134 
0.09323862165606368 
0.46162145856593056 
-0.11231783777459464 
-0.8835212928406911 
-1.2777313937493902 
-0.5692931460859831 
0.40827841558118805 
0.08148704457997916 
-0.27756126545263254 
-0.3230980071259141 
-0.5597133889007193 
-0.6151950575450827 
-0.22602468745176726 
0.1847360598433262 
0.4235332975702968 
0.4739947239165609 
-0.3451573236115884 
0.2875647804312728 
0.3488070121678184 
0.09374564988362455 
-0.45904367342272756 
0.41734895846748316 
0.28194528202045716 
-0.6866800340764052 
-0.7808362975608664 
0.7019331942195082 
1.366317810710768 
1.805082916493504 
0.140209622323205 
-0.4827231881391671 
0.2107937197788171 
-0.49767878129012283 
-0.1347767159451027 
0.0936883048571527 
-0.4612249160238692 
0.7900840537303898 
0.004485957547559663 
-0.17092821937542657 
0.42943225989625444 
0.7683752362116283 
0.6240429848607943 
0.36524597799533987 
0.24586834629671636 
-0.36387836338378493 
0.7108406240684089 
0.05217914237108563 
0.10996250875050617 
0.09332778423033569 
0.42053803847084636 
0.15995232748043098 
-0.14603650867370666 
-1.1706406319878129 
0.36584253294284547 
0.10833612528733833 
0.6646007626376144 
0.3748122103452044 
0.12225655810588534 
-0.3995422741208514 
0.13174003701887052 
-1.0730670070679063 
-1.0048464449643382 
0.23237049334982987 
-0.36707635185979626 
0.3161199563193208 
0.9233285894750588 
-0.448484232232881 
0.5379148238207165 
-0.314115651027354 
0.16306426616364023 
1.0901023561044392 
0.39833662580793566 
-0.09234589830141629 
-0.8341559200802617 
-0.4361698568833768 
-1.180548660206674 
-0.32762967776084506 
0.7587758862698198 
0.1568236461047729 
0.23983133371798887 
0.7730392493608137 
-0.29267471133775236 
0.06819828304031475 
-0.5495163563609914 
0.02260048963175218 
0.33594588739527487 
1.6936504420946907 
-1.1753469652409587 
0.5991065085654792 
0.16546533863068108 
0.3151498241886627 
0.3271623813141405 
-0.9498164564435565 
-0.46966941364801096 
-0.4408623808052543 
-0.9789217669276935 
-2.154544588741737 
-0.07682691945544488 
0.11220520899804151 
0.033871166342522255 
-0.16844641749434786 
-0.377904772664839 
0.7961819554406289 
-0.007887681424710205 
-0.48784262474459866 
0.8627832754964 
-0.6925062192957112 
0.08878492415297062 
0.6505386345953882 
0.2652569580658308 
0.2831867070017982 
0.3908038663332928 
0.42570765218954837 
-1.0015391285013653 
0.17731974898368097 
0.4333152833838135 
-0.2719316036767597 
0.2352142451150857 
-0.4816413033223475 
-0.846161562383863 
-0.04871826148435967 
0.8628162768286706 
-0.2318431771427017 
0.33245730537951257 
0.10799776884525815 
0.2703574985137962 
0.047243778224673814 
0.269277360210846 
-0.41534908708506757 
0.5938411632499465 
-0.11444798731640866 
0.5955897874701095 
-0.4578866292804321 
0.34720854854745636 
0.6247015213435781 
