0.001209516831797652 
0.0008627374983699288 
-0.0013812382384331592 
-0.006716813890425086 
0.003285471873476258 
-0.004592547282500166 
-0.0031679801894318182 
0.0040654569633949925 
0.0005746364167064414 
-0.0007782619276944229 
0.0024867487605815352 
0.0029347112357367717 
0.002718873451410628 
-0.0011375621640858417 
-0.008766310502176921 
0.0020567453988704198 
-0.006597592722976427 
0.007679744836911088 
-0.0024609951129312387 
0.000996582024409657 
0.00668613474662137 
0.0004714781585691412 
-0.013309956566905225 
-0.007527361245464978 
-0.008754949143911681 
0.008128966732267779 
-0.002034616372658791 
0.0021375508817109436 
-0.0023341088189331076 
0.0022435622763085465 
-0.0008345459482325631 
0.004040283641716486 
0.005184148184755431 
0.017883969705417183 
-0.0077602008853461584 
0.0006199758278329544 
-0.0187066590375201 
-0.004442111764163593 
-0.003873696819998224 
0.0013469255440810635 
0.00031294507774444073 
0.005533057487414058 
0.006152100334748441 
0.0015406788860779302 
0.0004066137944100321 
-0.009997003545362133 
-0.0021333190295826517 
0.011252848148396125 
-0.00451802420788346 
-0.0007420690525227949 
-0.005439220864027229 
0.0005217232903150474 
-9.921758490344108e-05 
-4.391866257954483e-05 
0.0021248998931241315 
-0.003026662988271054 
-0.005225500496123608 
0.006842988641717061 
-0.011740662887951588 
-0.011991611758890073 
-0.020597347956043885 
0.0008236811074302954 
0.008870129608485681 
-0.0013329211664652888 
0.005314405871849686 
0.0037122540038581507 
-0.0011318033178782728 
0.0014567310541008264 
-0.006317828706703107 
-0.006242401508812926 
-0.00011328295186376514 
0.007785936562821686 
-0.0012596821699768842 
-0.01285418478672989 
0.0063980127854026516 
-0.00313305142460869 
-0.012819872726390924 
-0.0019789278233446786 
-0.010120663882150821 
0.009881869625806745 
-0.0002720580894766101 
0.003693985384689653 
0.0021779932986035287 
0.0072566074702032435 
0.013577907167679818 
-0.001976804630136293 
0.0023617311441591522 
0.00568893866144241 
-0.007407796874203524 
-0.0003403107866671281 
0.002953679035324173 
0.0004434814405779345 
0.014240010819997017 
-0.003205869980306066 
-0.021462270588693665 
-0.0056273489021043035 
-0.017862036122147255 
-0.004335350069851781 
-0.006800894516190113 
-0.005775845939907521 
0.0030686659838437018 
0.009776756552531128 
-0.015951681299464428 
-0.013542862284401755 
0.002532274942645997 
0.003254598081814045 
0.002200348703618402 
-0.003502228788790105 
0.0021371197719677795 
-0.0011598966320436783 
-0.004409344935346372 
0.007838551915327084 
-0.010676299509151041 
-0.0035733341840540386 
0.011339616255780028 
-0.004030840869132819 
0.0053131401731099336 
0.0031246503111164764 
-0.005279785616105124 
-0.0013336803958142066 
0.0009337587807153754 
-0.00418930966899387 
0.0031085766649705214 
0.0136257208622314 
-0.006927620782935186 
-0.01519294590639395 
-0.004005769702600213 
0.0012617148433483611 
0.0018683188188966557 
0.0019793345592268126 
0.0025540005843104055 
0.015448321456537746 
-0.0018807025166984012 
0.0045285423012814945 
0.0008437173732062998 
-0.003930060145051505 
-0.004562251490872438 
-0.009708008096988583 
0.00418905713509105 
0.006879741087205131 
0.017364991031539646 
-0.0013157241971985362 
0.006036344600703559 
0.009899011117858285 
-0.010390938816734308 
0.001363740609828381 
0.00601080440723461 
-0.000393571119980788 
-0.0015456206363253177 
0.0011461410549213726 
0.002026924479854161 
0.0015086336272080313 
-0.0057302168013668164 
-0.00023062864816345734 
0.009465794862960387 
-0.002771733486170134 
-0.016433521282241854 
0.006242349025927798 
-0.012353381463180059 
0.003833454228803323 
-0.008420916058086862 
-0.0012790931830099982 
0.008128348249666755 
-0.001230312003751553 
-0.006455557692218027 
-0.004087618797599778 
-0.0060843654395757825 
-0.011693494355314027 
0.0017512049082205358 
0.004773185962973419 
-0.005675303911929351 
0.011492329231582419 
0.005927836628878563 
-0.0035200739467963035 
-0.0024333648350302593 
0.007478622554025662 
0.016659083785832644 
0.005271397994726372 
0.0022902690803504626 
0.00564930048756935 
0.0001446938780905787 
-0.005126856726423537 
-0.0006190074817872333 
0.0047004884590708985 
0.01618185431545529 
-0.008112608028186669 
-0.000691225303557005 
-0.007125209738295667 
0.0067286746732293165 
-0.010279504122709029 
0.004533639097393892 
-0.004164768909391777 
-0.007042974293667122 
-0.0013731894255970209 
-0.0019127046540291445 
-0.003463675972614739 
0.0007937105236361784 
-0.004647910796498524 
0.003441710367890008 
0.00876348923288047 
0.003045144375145761 
-0.00928041798867348 
0.0002859344990575113 
-0.020258817711326996 
-0.00940562688925663 
-0.006424223107517778 
0.00470691013519283 
-0.0037162038395041203 
0.003893724000013736 
0.0041588763321634475 
0.01003174471263391 
-0.001215831400583225 
-0.0002598476165015676 
-0.0017421677376852549 
0.003689268312190995 
0.0025957873648237155 
-0.004761118056838354 
-0.00021908151260695361 
0.009530009365894796 
0.00595801805684723 
0.0011318383207830393 
-0.015250660773758858 
0.008363105504259003 
0.008494829076108929 
0.0004812538922497387 
0.019712326214107304 
0.0002575224090366211 
0.007909211704361294 
0.01793796015494227 
-0.01206421711907845 
-0.0025595520914383804 
0.004140357059178984 
-0.0029330271328227575 
-0.00820153552897437 
-0.004397179885965931 
0.002074911148753311 
-0.005491503336270592 
0.009974815553129101 
-0.0015897452092737796 
-0.008003415056151816 
0.0011562962496811215 
-0.001786600643023686 
-0.016152609349584936 
-0.0034790571694099546 
0.007061493023680078 
0.00861381807432445 
0.01068662068495866 
0.0025784504694770123 
-0.0060267880750930905 
-0.00820683694847989 
0.0055374843102030825 
-0.0007148724042738129 
0.0030897499760791625 
-0.0009206842706945852 
-3.0543751537987396e-05 
0.002350139421756476 
-0.014126860674357561 
0.012474574002481127 
-0.008978084813417461 
-0.007002473495425842 
-0.009731624273110567 
-0.00011707191602906662 
0.006351140105851411 
0.005743106612147613 
0.01105688538949999 
0.015692028013513392 
0.006048787261629475 
0.005641768605845926 
0.0017574851268842002 
-0.013612012439544472 
0.010629767910199487 
0.0004913826400371258 
0.006142525723505772 
-0.005558673003583765 
0.0023966849728731753 
7.528553530665616e-05 
-0.005787985183744777 
-1.2723410541888211e-07 
-0.0029257303065488207 
-0.015324154131214154 
0.004461119483434679 
0.0012158282048651886 
-0.023902478222407673 
-0.0046462131172740105 
-0.00502155029106905 
-0.0053694327087201125 
-0.004630290533481591 
-0.004565636149285083 
0.005055444446820673 
0.0010661757355511772 
-0.0008259469347963746 
0.0073946818623878635 
-0.002803786825945579 
-0.0034833977317359644 
-0.00855567677782255 
0.011365296310484403 
-0.01855411798891759 
0.004243635146352202 
0.0069021632898833155 
-0.006380829101471325 
-0.014864222790346791 
-0.014150169367370968 
0.02293771425589551 
0.011975978614092428 
0.002615267626656167 
-0.0009476945136876579 
-0.0031973733035019908 
-0.004501051634641139 
-0.001964964163138682 
0.0036781477692743422 
0.009971242182530968 
0.0023139700643108473 
-0.001311823769136562 
-0.0005680589193541968 
0.015066909106747954 
0.007916000232571035 
0.010831967244232875 
0.00719781531892021 
-0.004282387967631818 
-0.006098427004073596 
-0.009580785652992106 
0.00014302940540382247 
0.010774863270516567 
0.001515330981719678 
7.986921688053717e-05 
0.012078797209232803 
-0.009042594039947807 
-0.003701715728176288 
0.007198450650405771 
0.006044093471198377 
0.004317098607069097 
0.0013944263831387961 
-0.014804493155345395 
-0.00888970159763498 
-0.0074787348933569205 
0.018402549128803597 
0.006467203840813457 
-0.004327042700374257 
0.0020063823037556553 
0.0006185157164415023 
0.0063447202807401645 
0.00038169706031933987 
-0.00938298130763305 
-0.0010407225307236814 
0.00863731151306941 
0.012979475298123376 
-0.004624638343165666 
-0.01029071348541394 
-0.022319887030730196 
0.0021657280715725764 
0.010242618311146177 
-0.003201811152541177 
0.005469160334413098 
-0.0028086423921944545 
-0.0009646460162836142 
-0.002189113878898026 
0.0034432144232156453 
-0.007886468256906042 
0.008475961196671598 
-0.0169077224762913 
0.003642039940449067 
0.0019234161290994432 
0.0026198412075122256 
-0.0075168584111252965 
-0.00679703672468625 
0.000149740989614098 
0.004739565204910824 
-0.004736996250213283 
0.00927890878693693 
-0.007738329058223835 
0.0010597813321946699 
-0.0021455786083994298 
-0.005797353863787387 
-0.0060599386291374825 
0.004542762060502079 
-0.006306774258458505 
-0.009363251377944456 
0.004300939498758855 
-0.005372530511928385 
0.008991691229914977 
0.00452125020044224 
-0.0002191520998713084 
-0.004634088828497637 
-0.0011987562486966846 
-0.0005183927478196715 
-0.0034114275531405276 
0.0030416457430472413 
-0.011990433966332351 
0.0038506663624346166 
0.009380895629428485 
0.0029837181868386724 
-0.005835094170486274 
0.007475669810864066 
-0.0060480353163764435 
0.005446883962714033 
0.004483368904980256 
-0.0048221084283162205 
0.00044011952353685156 
0.0021466416364089302 
-0.007584737089328138 
-0.005932168403671492 
0.005157800710995249 
0.004524868898409062 
-0.0035066130502321223 
0.0024288385446656667 
-0.0008900838096645772 
-0.0016261811576714852 
0.003677764193555426 
-0.004273912817479876 
0.01065245902002277 
-0.005434176617830235 
0.0021868788700997437 
-0.007412019635065853 
-0.0025816359425083965 
0.004321171794018768 
-0.004336458475147028 
0.001982125449859931 
-0.0003984642980659543 
0.001757007337201919 
-0.01016976737965685 
-0.007876950722276664 
-0.000111961529855081 
0.002437464344634415 
-0.011173464825753085 
-0.004309571110477643 
-0.010086022942383345 
-0.0008908795143522776 
-0.019814676297793255 
-0.0031281002580257956 
-0.001753639926578768 
-0.008367209586058333 
-0.001258719876455276 
-0.005577885467108484 
0.002387034042417491 
0.007464442689904985 
0.0009558484219037814 
0.013887270016087696 
-0.0044008321477651225 
0.0013001894528829419 
0.004156514979877981 
0.005901074743036056 
0.004255955321108829 
-0.004290974662669592 
-0.003419923089497299 
0.0184684648758976 
-0.004565857958564311 
0.003887605650228641 
0.004874118774662832 
-0.002874311134295227 
0.0036121022319240987 
-0.0026384394423881203 
-0.010602434878906294 
-0.0029957315742709825 
-0.004463879980585894 
0.002448166617581394 
-0.008260992804260457 
-0.0014550011727612253 
-0.007943369528490696 
-0.013858211976400237 
0.0031670045594669434 
-0.004012319296512229 
0.007633228504887396 
0.019402317009768244 
-0.005839249222226584 
0.0033688579649921425 
0.007093744551043493 
0.005607375604577358 
-0.013817567575127985 
0.006630196031775296 
-0.0011178754828779797 
-0.004574312550806898 
0.019749600645222336 
0.00015828601333309547 
-0.004300397402408004 
0.013916136540893598 
-0.002695188528960865 
-0.001719472163025979 
-0.00015575874892223898 
0.0009488343388172623 
0.005041918356461679 
-0.015496485373645742 
-0.003272711765598244 
-0.004558105284134524 
0.0003358100294664763 
-0.004288328057842019 
-0.007027428132595219 
0.010727842383254175 
-0.008360004521649601 
-0.008659410431217365 
0.003729286818713256 
0.0021415866312655602 
0.006246961309736896 
0.002048557387484411 
0.002489541019425179 
0.006970161241473147 
0.0031913008928335777 
0.00542801283925402 
0.0026376091934842798 
0.013957062795403787 
0.004065865695276936 
-0.0013789164181381604 
-0.0015396283881625266 
-0.0004208289507081847 
-0.01340707382991059 
-0.01346382530493532 
0.0014360251921974394 
-0.003978470611425553 
0.003484123288572347 
-0.004201707425774105 
-0.0062116236573906145 
-0.0032542168247214676 
0.000683133707044865 
-0.005430654419191265 
0.011156178115360803 
0.0055015098409386875 
-0.007267879237313285 
0.0023844550087345406 
0.006233949310524112 
-0.004122979340039132 
-0.0024195912981520066 
-0.011435415751049498 
0.00831552298439861 
0.0036183293991898366 
-0.0029401988677236895 
-0.010791354283487029 
-0.006560623373169539 
0.005573441038820476 
-0.003931140282185564 
0.0021359387388236177 
0.019908890008702135 
0.005623529990974159 
0.005941704538572768 
-0.007022523121547672 
0.0014592880713745534 
0.0003321101965557034 
-0.009368436391737976 
-0.008570655583171789 
-0.00011737161161598075 
-0.00018383200886145127 
-0.020928806716018794 
0.007260819317521296 
-0.004985415914449562 
-0.0003876341961218335 
-0.0036222387413145994 
0.00040240507812239494 
-0.005766589416998874 
0.0036723143091280655 
-0.002278138181735673 
0.0011249795845060622 
-0.003818034345637559 
0.008027370864891659 
-0.005344628783702547 
-0.005828530202420277 
-0.0011619406835897976 
-0.0006676552306111839 
0.010106203287309023 
0.004299946063560586 
-0.0011897145914489828 
-0.0005519818695576586 
0.004145735787875966 
-0.0020614717935321697 
0.005093396354748702 
-0.008436737393140206 
0.002795872983402287 
0.009879385800135384 
0.007145429032376149 
0.010325441892435946 
-0.010534260974395575 
0.003983588931259901 
3.676276720537201e-06 
0.007841452995762995 
0.019385736996815978 
0.0031834105656289033 
0.003789673065627493 
-0.010400714390096117 
-0.0060696840277830195 
0.002810747903120473 
0.01080247143834058 
-0.0018094587421560253 
-0.009760091675182535 
2.2723672612809896e-05 
-0.0008228370124839218 
0.00039781675541259256 
-0.02099325364133339 
-0.017166963316549138 
0.0018847124630264787 
0.018542352117419458 
-0.0004920801180494673 
0.025401060606982086 
0.0003530760301620867 
0.024302289098968567 
0.004463381113936997 
0.001980106968745363 
-0.00039777214935535297 
-0.01841492884400188 
-0.006443527874793225 
0.011219688220296797 
-0.008570599209322335 
0.004722651291490332 
0.002475139330490851 
-0.00621104574262568 
-0.00019243166974431016 
-0.003330068441450634 
-0.004047297121451373 
-0.016974440783071445 
-0.007617834582618069 
0.013818560296289794 
-0.0006393195206761963 
0.004668872648661547 
0.006613748231554864 
0.001931103206540954 
-0.006564561259119992 
-0.006089496377142877 
0.00488694516185441 
9.94752171444051e-05 
0.007532445014129978 
-0.009977484609674504 
0.009620881152953198 
0.009091082614107219 
0.0053585543785201065 
-0.00558051648395701 
0.006122783279539121 
-0.02426235246121252 
-0.013369415435359648 
0.00880108495643144 
0.004026939142417805 
-0.011453144572488957 
-0.004658244218997968 
0.0298902102919456 
0.002961239839080617 
-0.004376543255807306 
-0.00024050210780485773 
-0.007198555114664006 
-4.705126419341605e-05 
0.01023730619809935 
-0.005399139804860797 
-0.0024300048723107964 
0.00988613549658339 
0.014997466280942888 
0.000607835410059808 
0.015881526081870254 
-0.0029648470287192254 
-0.007082659750533542 
0.008643042000924025 
-0.0036480458484820155 
0.006346005654264788 
-0.00948006502939876 
0.00923406509483456 
0.002912644080020926 
0.004282641594800911 
-0.006100543853818278 
0.0055850224560591456 
-0.007410001906401845 
0.001971290648951886 
0.006516455662901653 
0.0038990749894931643 
-0.005084028754572525 
0.006034648713692237 
0.0013081112502052292 
-0.004744220624619177 
-0.0017926272884084401 
-0.003500895701206557 
0.0016912988036387872 
0.0057996929862574815 
0.00322044787808021 
-0.0012477721670599764 
-0.005413563438665658 
0.006633650080763852 
0.0036389135666713137 
-0.0027012883719214624 
0.003916242987598361 
-0.001597655299382897 
0.013550699677745925 
0.007659682430426128 
0.005096283363532552 
-0.001604071171196496 
-0.0012824118884494527 
0.003968258092455535 
-0.002682276527413478 
-0.005967770557732619 
-0.014995730990101128 
0.0010086007925650072 
0.024902894866329413 
-0.004789863175294815 
0.010311511761656384 
0.007833564510471501 
0.0068769707595601436 
0.01738992642795075 
0.00918213430952279 
0.0005437872680224987 
-0.012905804734240144 
0.005987953015492749 
0.0008461221927284065 
0.013279531694040666 
0.0006229894470982893 
0.010972833179624445 
-0.0037730448179142044 
-0.00264832164311103 
0.002910542060748202 
-0.0005864187047178305 
0.010914745395583366 
-0.00569373866355998 
-0.006604597274480216 
-0.00688651221416568 
-0.005995743158637145 
-0.014665238822792042 
0.004886980410669665 
-0.004285031619057593 
0.013353918640583972 
0.015378099905057036 
0.004633753284550895 
-0.017199883663816543 
0.0025623108419226613 
-0.00413473658948128 
0.0018620193213075413 
0.002678806632720664 
0.010334547051655091 
-0.0015780872109661748 
0.0099816422687781 
0.002657147694451647 
0.0028077569873678557 
0.010534852306798622 
0.01834426781710345 
0.006966431014853374 
-0.0036349097813683957 
0.016045810181755712 
0.004669415562954182 
0.00043225166921549165 
0.009420672583402947 
-0.000897157082240989 
-0.013746154298069798 
-0.004285641815304908 
-0.006588190626708374 
0.005571232680376081 
-0.0005730713131399152 
-0.025983823750133795 
-0.0032186543840276713 
0.009183449662364713 
0.008501325595574812 
0.007878606960277588 
-0.003444998323914831 
0.0019120252144849928 
0.0007926104633280219 
-0.016688151118623366 
-0.0009100647387939886 
-0.009872870839829916 
-0.00535646806277767 
-0.005343649389536423 
0.004623642556975809 
-0.0010650565270073364 
0.0064833053329573405 
0.007117370962815802 
-0.0007323909535657785 
0.0008726034265777395 
0.008056980615640615 
0.002653747538710257 
0.005899892760000734 
-0.005053652076850917 
-0.0054234301691977165 
-0.00036136841898030676 
0.007232029961200511 
0.002653148159984199 
0.0007686688637490384 
-0.0007794180202519063 
-0.006105271293106384 
-0.011886528562466183 
0.008959807939108378 
0.003376822372429034 
0.007589792431835172 
-0.008827555049070627 
0.0008036202448717755 
0.008874170640062354 
0.009267917169072297 
-0.0058451760390722755 
0.004592063209417685 
0.003283474423409907 
-0.0041313075719151375 
-0.014383804256197504 
0.01208424450402487 
0.007046502964774052 
-0.009683903473303003 
-0.003178456649915749 
-0.00019923220611395547 
0.007932604654253916 
0.008219272165728559 
0.00123399206896535 
-0.011267153250196803 
0.002565489317278068 
-0.0173350541639564 
-0.009448989391997845 
-0.0034790475795593795 
-0.002765809554742233 
0.009897823823161227 
0.00271471210421419 
0.010162443055522255 
-7.950657678639173e-05 
0.0032594485563733535 
-0.01723539515491166 
0.005757778287421515 
-0.003953682572865647 
0.003870860542888454 
0.0027777782752654292 
-0.0025709584665209724 
0.008083191558974797 
0.002848834985306221 
-0.007589084460159688 
0.01574143913775139 
0.007250451313745038 
-0.008872783664992844 
0.005571971946961202 
0.0032666486927078525 
0.002958660526044074 
0.011081740792887812 
0.0012441387868356842 
-0.01784510207017682 
0.0055819156437648485 
-0.014001531718941496 
0.005167766933579105 
-0.00430551283722175 
-0.003016559744194569 
-0.010453299901735635 
-0.00999093470120728 
0.00327081277440515 
-0.0018620934644246732 
0.0012103497371853027 
-0.01210273708153005 
0.005628431556926915 
-0.0011624668954107035 
0.001547604490227853 
0.0025685507144858205 
0.005932847417019084 
0.006949625383613157 
0.0017656302996233893 
0.028090617794810376 
-0.004826048272647265 
0.005904783194885602 
0.009646673370785699 
0.011845477512572013 
0.004275594931709388 
0.007342262675192198 
0.000385718889284014 
-0.002166250925356128 
0.010351225157784494 
0.0040062761393326015 
-0.006327076089217508 
-0.007994377140940968 
-0.0018395479496706214 
-0.014658664525260278 
0.0035435272042185053 
0.01240739350395408 
0.0021123351209280336 
0.0041330899501330585 
0.003123027106808458 
0.0011374147021816323 
0.013051977023436538 
0.0011278287768773675 
0.0052306922619509135 
0.005231475617356116 
0.0029258597600081296 
0.005339663677197874 
-0.0053486446879355935 
-0.0012084851777815692 
0.001872673847290069 
-0.0061480994570272274 
0.004529707090737125 
-0.0025779685140129 
-0.00012246633508245728 
0.005875548846279956 
-0.001812168361758538 
-0.00639967895773364 
0.005545641271461747 
0.0040327090577005125 
-0.0007338403379321582 
-0.00017255717864498113 
-0.005227580919867247 
-0.0045951346356631634 
0.0005249663255504843 
-0.0022501291819589427 
0.0009429896765806114 
0.004124084069851374 
-0.005199117215946509 
0.004644244691575111 
-0.007329106434338237 
-0.0062139004451780885 
0.00039460253171048594 
0.006096565625683024 
-0.008335893939732433 
0.00807922694539824 
0.009151577628310394 
-0.0056293712614994915 
-0.023005806184945247 
0.002586825413440935 
0.0011814027174225578 
0.015131878979476928 
-0.007091157187606191 
0.006401124395740804 
0.0027275961985992413 
-0.0017720642382724843 
-0.012023647442979247 
-0.0007577762802543928 
0.010669853742762412 
-0.0007244512469010893 
-0.004585212820527767 
-0.002443363088329118 
-0.00755695872721634 
0.006902748833507694 
0.006955799108802022 
-0.00022587448446151841 
-0.00020923375742206086 
-0.004443034530511801 
-0.017425589730335204 
0.0034155829639424193 
0.0023484853959100894 
-0.003604443835294116 
-0.0031729165801190114 
0.006816987187823983 
-0.007391514785695524 
0.006943440471102418 
0.002089986473989669 
0.0019899345561439135 
-0.0026270221466695655 
-0.003682886851948907 
-0.0002858267980730629 
0.01179641748314152 
0.015697560536696693 
0.0014258563102934007 
0.001830649623525353 
-0.007411368122128303 
0.0013509560954825428 
-0.005788140243691162 
0.007387865270917055 
-0.004787357861005295 
0.007780360872357625 
0.01630642136308834 
0.009014118198239185 
0.017012845170071667 
0.006808541912213789 
0.0006701738907007974 
-0.0007584797922064587 
-0.009392400209104002 
-0.01942363092616381 
0.002252642429217338 
0.00371480089761 
0.0030612711224568376 
0.016765532825066373 
0.0024645302383442006 
-0.015245090760132082 
-0.007004150090753527 
0.0034260872962393364 
0.00027146211604183807 
-0.002530106751425265 
0.0027679285056701032 
-0.010744246732382296 
0.0038509853375125573 
-0.0008485710622359541 
-0.0006306651817652839 
-0.010211179024062798 
-0.004929727402886143 
0.0016879302275394342 
0.001754716980946282 
0.0025258175882201506 
-0.005676396516526962 
0.009053340183215457 
0.0010446753150491277 
-0.008215066193968265 
0.01453594716094313 
-0.00451214276017387 
0.004851926361816717 
0.008108983019447676 
0.00377396808826971 
0.014131166149841027 
-0.00393176204467503 
-0.0017468557721222692 
0.001570038053634262 
0.0002538095464640953 
-0.01150470964383532 
0.012129843283885427 
-0.003205247496589839 
-0.007628414312612669 
-0.005731905524401161 
0.01336034482250295 
-0.007240406862342012 
0.0040060153862386426 
0.00579303459228931 
0.006370776013930608 
-0.005002524974642608 
-0.004926165315872441 
-0.004114400388487981 
-0.002840626613076519 
0.006197693029369665 
0.0033457897497294682 
-0.0021152196906458723 
-0.02483430985366155 
0.0035495233087149466 
0.0010053292371850966 
0.005685676521498928 
0.0029613017791100724 
0.000801059199784439 
0.004292672848211811 
0.007599120519408479 
